25.00 0.00 0.00 0.00 0.00 0.00 0.00 0.00 0.00 0.00 0.00 0.50 7.93 1 126.08
32.50 0.00 0.00 0.00 0.00 0.00 0.00 0.00 0.00 0.00 0.00 0.50 10.63 1 94.08
40.00 0.00 0.00 0.00 0.00 0.00 0.00 0.00 0.00 0.00 0.00 0.50 13.00 1 76.92
47.50 27.33 0.00 0.00 0.00 0.00 0.00 0.00 0.00 0.00 0.00 1.00 19.54 2 102.38
55.00 43.71 0.00 0.00 0.00 0.00 0.00 0.00 0.00 0.00 0.00 1.00 24.77 2 80.74
62.50 55.52 0.00 0.00 0.00 0.00 0.00 0.00 0.00 0.00 0.00 1.00 28.62 2 69.88
70.00 65.40 0.00 0.00 0.00 0.00 0.00 0.00 0.00 0.00 0.00 1.00 32.02 2 62.46
77.50 73.96 0.00 0.00 0.00 0.00 0.00 0.00 0.00 0.00 0.00 1.00 35.16 2 56.88
85.00 81.50 0.00 0.00 0.00 0.00 0.00 0.00 0.00 0.00 0.00 1.00 38.12 2 52.47
92.50 88.34 0.00 0.00 0.00 0.00 0.00 0.00 0.00 0.00 0.00 1.00 40.94 2 48.85
100.00 94.61 0.00 0.00 0.00 0.00 0.00 0.00 0.00 0.00 0.00 1.00 43.65 2 45.82
107.50 100.20 24.91 0.00 0.00 0.00 0.00 0.00 0.00 0.00 0.00 1.50 35.98 3 83.38
115.00 105.49 32.06 0.00 0.00 0.00 0.00 0.00 0.00 0.00 0.00 1.50 41.56 3 72.19
122.50 110.38 37.94 0.00 0.00 0.00 0.00 0.00 0.00 0.00 0.00 1.50 45.87 3 65.40
130.00 114.94 43.16 2.19 2.55 2.55 2.55 0.00 0.00 0.00 0.00 3.50 4.14 7 1692.51
137.50 119.19 47.94 3.05 3.60 3.63 3.63 3.63 3.63 0.00 0.00 4.50 5.10 9 1763.50
145.00 123.15 52.38 4.10 4.53 4.63 4.64 4.64 4.64 4.64 4.64 5.50 6.08 11 1810.63
152.50 127.06 56.56 5.81 5.34 5.58 5.61 5.62 5.62 5.62 5.62 6.50 7.09 13 1834.76
160.00 130.72 60.50 8.96 6.11 6.47 6.55 6.56 6.57 6.57 6.57 8.00 7.99 16 2001.50
167.50 133.87 64.31 13.00 7.03 7.36 7.45 7.47 7.48 7.48 7.48 8.50 9.08 17 1872.01
175.00 137.17 67.89 16.90 8.09 8.27 8.34 8.36 8.37 8.37 8.37 9.50 9.99 19 1901.95
182.50 140.25 71.33 20.48 9.22 9.19 9.22 9.23 9.23 9.23 9.23 10.50 10.86 21 1933.94
190.00 143.27 74.63 23.83 10.41 10.12 10.09 10.08 10.08 10.07 10.07 11.50 11.70 23 1965.94
197.50 145.99 77.82 26.98 11.65 11.05 10.96 10.92 10.91 10.90 10.89 12.50 12.52 25 1997.17
205.00 148.81 80.84 29.99 12.92 11.99 11.83 11.76 11.72 11.71 11.70 13.00 13.39 26 1941.77
212.50 151.52 83.82 32.88 14.25 12.93 12.70 12.59 12.53 12.51 12.49 14.00 14.17 28 1976.03
220.00 153.85 86.66 35.68 15.62 13.87 13.57 13.42 13.34 13.30 13.28 14.50 15.00 29 1932.80
227.50 156.25 89.45 38.37 17.03 14.81 14.44 14.24 14.14 14.08 14.05 15.50 15.76 31 1967.21
235.00 158.48 92.17 40.98 18.48 15.76 15.31 15.07 14.94 14.87 14.82 16.50 16.51 33 1999.37
242.50 160.77 94.79 43.52 19.97 16.71 16.18 15.90 15.74 15.64 15.59 17.00 17.30 34 1965.05
250.00 163.13 97.28 46.00 21.50 17.67 17.05 16.73 16.54 16.42 16.36 18.00 18.03 36 1996.22
