25.00 0.00 0.00 0.00 0.00 0.00 0.00 0.00 0.00 0.00 0.00 0.50 12.98 1 77.06
32.50 32.84 0.00 0.00 0.00 0.00 0.00 0.00 0.00 0.00 0.00 1.00 21.38 2 93.55
40.00 49.98 0.00 0.00 0.00 0.00 0.00 0.00 0.00 0.00 0.00 1.00 27.00 2 74.08
47.50 62.62 0.00 0.00 0.00 0.00 0.00 0.00 0.00 0.00 0.00 1.00 31.44 2 63.62
55.00 73.10 0.00 0.00 0.00 0.00 0.00 0.00 0.00 0.00 0.00 1.00 35.39 2 56.51
62.50 82.03 0.00 0.00 0.00 0.00 0.00 0.00 0.00 0.00 0.00 1.00 39.05 2 51.22
70.00 89.93 0.00 0.00 0.00 0.00 0.00 0.00 0.00 0.00 0.00 1.00 42.47 2 47.09
77.50 96.90 0.00 0.00 0.00 0.00 0.00 0.00 0.00 0.00 0.00 1.00 45.72 2 43.74
85.00 103.20 21.88 0.00 0.00 0.00 0.00 0.00 0.00 0.00 0.00 1.50 34.61 3 86.68
92.50 108.93 30.72 0.00 0.00 0.00 0.00 0.00 0.00 0.00 0.00 1.50 42.16 3 71.16
100.00 114.16 37.31 0.00 0.00 0.00 0.00 0.00 0.00 0.00 0.00 1.50 47.33 3 63.39
107.50 119.19 43.05 0.00 0.00 0.00 0.00 0.00 0.00 0.00 0.00 1.50 51.68 3 58.05
115.00 123.61 48.24 0.00 0.00 0.00 0.00 0.00 0.00 0.00 0.00 1.50 55.56 3 54.00
122.50 127.88 53.02 1.43 1.57 0.00 0.00 0.00 0.00 0.00 0.00 2.50 3.61 5 1384.24
130.00 131.93 57.47 2.35 2.83 2.83 2.83 2.83 0.00 0.00 0.00 4.00 4.24 8 1888.87
137.50 135.50 61.69 3.12 3.93 3.95 3.95 3.95 3.95 3.95 0.00 5.00 5.30 10 1887.62
145.00 139.08 65.70 5.96 4.44 5.08 5.11 5.11 5.11 5.11 5.11 6.50 6.47 13 2008.55
152.50 142.45 69.44 14.13 5.16 6.15 6.25 6.26 6.26 6.26 6.26 7.50 7.87 15 1906.92
160.00 145.56 73.10 18.80 6.44 7.18 7.33 7.36 7.37 7.37 7.37 8.50 9.03 17 1881.85
167.50 148.59 76.57 22.61 7.89 8.22 8.36 8.40 8.41 8.41 8.42 10.00 10.02 20 1996.31
175.00 151.52 79.87 26.04 9.40 9.27 9.36 9.39 9.40 9.40 9.40 11.00 11.04 22 1992.77
182.50 154.32 83.06 29.23 10.91 10.31 10.33 10.34 10.34 10.34 10.34 12.00 12.00 24 2000.40
190.00 156.74 86.13 32.27 12.42 11.34 11.28 11.25 11.24 11.24 11.24 12.50 12.98 25 1925.85
197.50 159.49 89.05 35.19 13.94 12.36 12.21 12.15 12.12 12.11 12.10 13.50 13.84 27 1950.64
205.00 162.07 91.91 37.98 15.48 13.37 13.14 13.03 12.98 12.95 12.94 14.50 14.67 29 1976.66
212.50 164.47 94.70 40.68 17.04 14.36 14.05 13.90 13.82 13.78 13.75 15.50 15.45 31 2006.11
220.00 166.67 97.37 43.31 18.63 15.36 14.95 14.75 14.65 14.59 14.56 16.00 16.32 32 1960.22
227.50 168.63 100.00 45.85 20.23 16.35 15.85 15.61 15.47 15.39 15.35 17.00 17.09 34 1989.22
235.00 170.65 102.56 48.33 21.86 17.34 16.74 16.45 16.29 16.19 16.13 17.50 17.91 35 1954.76
242.50 173.01 104.93 50.76 23.51 18.34 17.63 17.30 17.10 16.98 16.91 18.50 18.65 37 1984.15
250.00 174.83 107.41 53.11 25.17 19.34 18.52 18.14 17.91 17.77 17.68 19.00 19.44 38 1955.07
