100.00 0.00 0.00 0.00 0.00 0.00 0.00 0.00 0.00 0.00 0.00 0.00 -0.00 0 -500.00
105.00 0.00 0.00 0.00 0.00 0.00 0.00 0.00 0.00 0.00 0.00 0.00 -0.00 0 -500.00
110.00 0.00 0.00 0.00 0.00 0.00 0.00 0.00 0.00 0.00 0.00 0.00 -0.00 0 -500.00
115.00 0.00 0.00 0.00 0.00 0.00 0.00 0.00 0.00 0.00 0.00 0.00 -0.00 0 -500.00
120.00 0.00 0.00 0.00 0.00 0.00 0.00 0.00 0.00 0.00 0.00 0.00 -0.00 0 -500.00
125.00 0.00 0.00 0.00 0.00 0.00 0.00 0.00 0.00 0.00 0.00 0.00 -0.00 0 -500.00
130.00 0.00 0.00 0.00 0.00 0.00 0.00 0.00 0.00 0.00 0.00 0.00 -0.00 0 -500.00
135.00 0.00 0.00 0.00 0.00 0.00 0.00 0.00 0.00 0.00 0.00 0.50 5.23 1 191.13
140.00 0.00 0.00 0.00 0.00 0.00 0.00 0.00 0.00 0.00 0.00 0.50 6.15 1 162.49
145.00 0.00 0.00 0.00 0.00 0.00 0.00 0.00 0.00 0.00 0.00 0.50 6.87 1 145.55
150.00 0.00 0.00 0.00 0.00 0.00 0.00 0.00 0.00 0.00 0.00 0.50 7.50 1 133.25
155.00 0.00 0.00 0.00 0.00 0.00 0.00 0.00 0.00 0.00 0.00 0.50 8.09 1 123.57
160.00 0.00 0.00 0.00 0.00 0.00 0.00 0.00 0.00 0.00 0.00 0.50 8.65 1 115.59
165.00 0.00 0.00 0.00 0.00 0.00 0.00 0.00 0.00 0.00 0.00 0.50 9.19 1 108.83
170.00 0.00 0.00 0.00 0.00 0.00 0.00 0.00 0.00 0.00 0.00 0.50 9.71 1 102.99
175.00 0.00 0.00 0.00 0.00 0.00 0.00 0.00 0.00 0.00 0.00 0.50 10.22 1 97.86
180.00 0.00 0.00 0.00 0.00 0.00 0.00 0.00 0.00 0.00 0.00 0.50 10.72 1 93.30
185.00 4.45 0.00 0.00 0.00 0.00 0.00 0.00 0.00 0.00 0.00 1.00 6.37 2 313.77
190.00 5.72 0.00 0.00 0.00 0.00 0.00 0.00 0.00 0.00 0.00 1.00 7.68 2 260.25
195.00 6.74 0.00 0.00 0.00 0.00 0.00 0.00 0.00 0.00 0.00 1.00 8.67 2 230.55
200.00 7.67 2.32 0.00 0.00 0.00 0.00 0.00 0.00 0.00 0.00 1.50 4.69 3 640.23
205.00 8.55 3.17 2.65 2.64 2.63 0.00 0.00 0.00 0.00 0.00 3.00 3.65 6 1644.09
210.00 9.40 3.75 3.07 3.04 3.04 3.04 0.00 0.00 0.00 0.00 3.50 3.98 7 1757.25
215.00 10.23 4.31 3.43 3.38 3.38 3.38 3.38 0.00 0.00 0.00 4.00 4.26 8 1875.80
220.00 11.05 4.87 3.76 3.69 3.69 3.69 3.69 3.69 0.00 0.00 4.50 4.53 9 1986.65
225.00 11.85 5.44 4.08 3.98 3.98 3.98 3.98 3.98 0.00 0.00 4.50 4.90 9 1836.50
230.00 12.63 6.04 4.41 4.27 4.26 4.26 4.26 4.26 4.26 0.00 5.00 5.14 10 1944.91
235.00 13.41 6.65 4.75 4.55 4.53 4.53 4.53 4.53 4.53 0.00 5.00 5.49 10 1821.74
240.00 14.18 7.28 5.09 4.82 4.80 4.80 4.80 4.80 4.80 4.80 5.50 5.72 11 1922.03
245.00 14.93 7.92 5.46 5.10 5.07 5.07 5.07 5.07 5.07 5.07 5.50 6.06 11 1815.28
250.00 15.69 8.57 5.84 5.39 5.34 5.34 5.34 5.34 5.34 5.34 6.00 6.29 12 1907.02
