100.00 0.00 0.00 0.00 0.00 0.00 0.00 0.00 0.00 0.00 0.00 0.00 -0.00 0 -500.00
105.00 0.00 0.00 0.00 0.00 0.00 0.00 0.00 0.00 0.00 0.00 0.00 -0.00 0 -500.00
110.00 0.00 0.00 0.00 0.00 0.00 0.00 0.00 0.00 0.00 0.00 0.00 -0.00 0 -500.00
115.00 0.00 0.00 0.00 0.00 0.00 0.00 0.00 0.00 0.00 0.00 0.00 -0.00 0 -500.00
120.00 0.00 0.00 0.00 0.00 0.00 0.00 0.00 0.00 0.00 0.00 0.00 -0.00 0 -500.00
125.00 0.00 0.00 0.00 0.00 0.00 0.00 0.00 0.00 0.00 0.00 0.50 4.69 1 213.10
130.00 0.00 0.00 0.00 0.00 0.00 0.00 0.00 0.00 0.00 0.00 0.50 5.58 1 179.33
135.00 0.00 0.00 0.00 0.00 0.00 0.00 0.00 0.00 0.00 0.00 0.50 6.28 1 159.32
140.00 0.00 0.00 0.00 0.00 0.00 0.00 0.00 0.00 0.00 0.00 0.50 6.90 1 144.91
145.00 0.00 0.00 0.00 0.00 0.00 0.00 0.00 0.00 0.00 0.00 0.50 7.48 1 133.64
150.00 0.00 0.00 0.00 0.00 0.00 0.00 0.00 0.00 0.00 0.00 0.50 8.04 1 124.44
155.00 0.00 0.00 0.00 0.00 0.00 0.00 0.00 0.00 0.00 0.00 0.50 8.57 1 116.69
160.00 4.46 0.00 0.00 0.00 0.00 0.00 0.00 0.00 0.00 0.00 1.00 5.99 2 334.04
165.00 5.54 2.14 1.75 1.71 0.00 0.00 0.00 0.00 0.00 0.00 2.50 2.62 5 1909.03
170.00 6.50 2.98 2.60 2.58 2.58 0.00 0.00 0.00 0.00 0.00 3.00 3.44 6 1746.06
175.00 7.41 3.62 3.08 3.05 3.05 3.05 0.00 0.00 0.00 0.00 3.50 3.86 7 1813.89
180.00 8.28 4.23 3.51 3.45 3.45 3.45 3.45 0.00 0.00 0.00 4.00 4.23 8 1891.01
185.00 9.12 4.85 3.92 3.83 3.83 3.83 3.83 3.83 0.00 0.00 4.50 4.58 9 1963.57
190.00 9.95 5.49 4.34 4.20 4.19 4.19 4.19 4.19 0.00 0.00 4.50 5.03 9 1790.24
195.00 10.76 6.14 4.76 4.56 4.54 4.54 4.54 4.54 4.54 0.00 5.00 5.36 10 1867.28
200.00 11.55 6.80 5.20 4.92 4.89 4.88 4.88 4.88 4.88 4.88 5.50 5.68 11 1934.99
205.00 12.34 7.48 5.65 5.28 5.23 5.23 5.23 5.23 5.23 5.23 6.00 6.02 12 1994.79
210.00 13.12 8.16 6.12 5.65 5.58 5.57 5.57 5.57 5.57 5.57 6.00 6.42 12 1868.17
215.00 13.88 8.85 6.61 6.03 5.93 5.91 5.91 5.91 5.91 5.91 6.50 6.75 13 1925.74
220.00 14.64 9.55 7.12 6.42 6.28 6.25 6.25 6.24 6.24 6.24 7.00 7.08 14 1977.16
225.00 15.39 10.24 7.65 6.82 6.63 6.59 6.59 6.58 6.58 6.58 7.00 7.48 14 1871.39
230.00 16.13 10.94 8.19 7.23 6.99 6.94 6.93 6.92 6.92 6.92 7.50 7.81 15 1920.37
235.00 16.87 11.64 8.74 7.65 7.35 7.28 7.27 7.26 7.26 7.26 8.00 8.14 16 1964.64
240.00 17.60 12.34 9.31 8.09 7.72 7.63 7.61 7.61 7.60 7.60 8.00 8.54 16 1873.27
245.00 18.32 13.04 9.89 8.54 8.10 7.99 7.95 7.95 7.94 7.94 8.50 8.88 17 1915.45
250.00 19.04 13.74 10.48 9.00 8.49 8.34 8.30 8.29 8.29 8.29 9.00 9.21 18 1953.97
