100.00 0.00 0.00 0.00 0.00 0.00 0.00 0.00 0.00 0.00 0.00 0.00 -0.00 0 -500.00
105.00 0.00 0.00 0.00 0.00 0.00 0.00 0.00 0.00 0.00 0.00 0.00 -0.00 0 -500.00
110.00 0.00 0.00 0.00 0.00 0.00 0.00 0.00 0.00 0.00 0.00 0.50 2.97 1 337.05
115.00 0.00 0.00 0.00 0.00 0.00 0.00 0.00 0.00 0.00 0.00 0.50 4.31 1 232.02
120.00 0.00 0.00 0.00 0.00 0.00 0.00 0.00 0.00 0.00 0.00 0.50 5.08 1 196.67
125.00 0.00 0.00 0.00 0.00 0.00 0.00 0.00 0.00 0.00 0.00 0.50 5.74 1 174.16
130.00 3.20 0.00 0.00 0.00 0.00 0.00 0.00 0.00 0.00 0.00 1.00 4.25 2 470.40
135.00 4.37 2.55 2.35 2.34 0.00 0.00 0.00 0.00 0.00 0.00 2.50 3.09 5 1618.02
140.00 5.37 3.32 2.99 2.96 2.96 2.96 0.00 0.00 0.00 0.00 3.50 3.55 7 1970.50
145.00 6.30 4.04 3.56 3.50 3.49 3.49 3.49 0.00 0.00 0.00 4.00 4.09 8 1957.12
150.00 7.18 4.75 4.11 4.01 4.00 4.00 4.00 4.00 0.00 0.00 4.50 4.59 9 1960.73
155.00 8.05 5.47 4.67 4.51 4.48 4.48 4.48 4.48 4.48 0.00 5.00 5.08 10 1970.07
160.00 8.89 6.20 5.24 5.01 4.96 4.95 4.95 4.95 4.95 4.95 5.50 5.55 11 1981.21
165.00 9.71 6.93 5.81 5.51 5.44 5.42 5.42 5.42 5.42 5.42 6.00 6.02 12 1992.56
170.00 10.52 7.66 6.40 6.01 5.91 5.89 5.88 5.88 5.88 5.88 6.50 6.48 13 2006.87
175.00 11.31 8.39 7.01 6.53 6.39 6.35 6.34 6.34 6.34 6.34 6.50 7.00 13 1855.82
180.00 12.10 9.12 7.62 7.05 6.87 6.81 6.80 6.79 6.79 6.79 7.00 7.46 14 1875.79
185.00 12.87 9.85 8.25 7.59 7.35 7.28 7.26 7.25 7.25 7.25 7.50 7.92 15 1893.58
190.00 13.64 10.58 8.88 8.13 7.85 7.75 7.72 7.70 7.70 7.70 8.00 8.38 16 1909.50
195.00 14.39 11.31 9.53 8.69 8.35 8.22 8.18 8.16 8.15 8.15 8.50 8.84 17 1923.79
200.00 15.14 12.03 10.17 9.25 8.85 8.70 8.64 8.62 8.61 8.61 9.00 9.29 18 1936.65
205.00 15.88 12.75 10.83 9.82 9.37 9.18 9.10 9.07 9.06 9.06 9.50 9.75 19 1948.27
210.00 16.62 13.47 11.48 10.40 9.89 9.67 9.57 9.53 9.52 9.51 10.00 10.21 20 1958.79
215.00 17.35 14.19 12.14 10.99 10.42 10.16 10.05 10.00 9.98 9.97 10.50 10.67 21 1968.34
220.00 18.07 14.90 12.80 11.59 10.96 10.66 10.52 10.46 10.43 10.42 11.00 11.13 22 1977.03
225.00 18.79 15.60 13.46 12.19 11.50 11.16 11.00 10.93 10.89 10.88 11.50 11.59 23 1984.95
230.00 19.50 16.31 14.13 12.79 12.05 11.67 11.49 11.40 11.36 11.34 12.00 12.05 24 1992.19
235.00 20.20 17.01 14.79 13.40 12.61 12.19 11.98 11.87 11.82 11.80 12.50 12.51 25 1998.82
240.00 20.90 17.71 15.46 14.02 13.17 12.71 12.47 12.35 12.29 12.26 12.50 13.00 25 1923.12
245.00 21.60 18.40 16.12 14.63 13.74 13.24 12.97 12.83 12.76 12.72 13.00 13.46 26 1931.64
250.00 22.29 19.09 16.78 15.25 14.31 13.77 13.47 13.32 13.23 13.19 13.50 13.92 27 1939.51
