25.00 0.00 0.00 0.00 0.00 0.00 0.00 0.00 0.00 0.00 0.00 0.00 -0.00 0 -500.00 -500.00
32.50 0.00 0.00 0.00 0.00 0.00 0.00 0.00 0.00 0.00 0.00 0.00 -0.00 0 -500.00 -500.00
40.00 0.00 0.00 0.00 0.00 0.00 0.00 0.00 0.00 0.00 0.00 0.50 6.65 1 150.43 -500.00
47.50 104.93 0.00 0.00 0.00 0.00 0.00 0.00 0.00 0.00 0.00 1.00 17.95 2 101.89 -500.00
55.00 138.89 80.78 0.00 0.00 0.00 0.00 0.00 0.00 0.00 0.00 1.50 28.92 3 84.16 -500.00
62.50 158.23 114.16 0.00 0.00 0.00 0.00 0.00 0.00 0.00 0.00 1.50 34.16 3 72.75 -500.00
70.00 171.53 133.16 0.00 0.00 0.00 0.00 0.00 0.00 0.00 0.00 1.50 38.53 3 64.52 -500.00
77.50 181.82 146.41 70.32 0.00 0.00 0.00 0.00 0.00 0.00 0.00 2.00 47.19 4 58.22 -500.00
85.00 190.11 156.74 93.02 0.00 0.00 0.00 0.00 0.00 0.00 0.00 2.00 52.92 4 53.20 -500.00
92.50 196.85 165.02 107.41 0.00 0.00 0.00 0.00 0.00 0.00 0.00 2.00 57.52 4 49.09 -500.00
100.00 202.84 172.41 117.92 0.00 0.00 0.00 0.00 0.00 0.00 0.00 2.00 61.66 4 45.66 -500.00
107.50 207.90 178.25 126.58 0.00 0.00 0.00 0.00 0.00 0.00 0.00 2.00 65.52 4 42.73 -500.00
115.00 211.86 183.82 133.69 0.00 0.00 0.00 0.00 0.00 0.00 0.00 2.00 69.16 4 40.20 -500.00
122.50 215.98 188.68 139.86 54.64 0.00 0.00 0.00 0.00 0.00 0.00 2.50 68.14 5 38.00 -500.00
130.00 219.78 192.68 145.56 72.83 0.00 0.00 0.00 0.00 0.00 0.00 2.50 75.30 5 36.06 -500.00
137.50 223.21 196.46 150.38 84.25 0.00 0.00 0.00 0.00 0.00 0.00 2.50 80.10 5 34.33 -500.00
145.00 225.73 200.40 154.56 93.11 0.00 0.00 0.00 0.00 0.00 0.00 2.50 84.16 5 32.78 -500.00
152.50 228.31 203.67 158.48 100.40 0.00 0.00 0.00 0.00 0.00 0.00 2.50 87.81 5 31.38 -500.00
160.00 231.48 206.19 162.34 106.61 0.00 0.00 0.00 0.00 0.00 0.00 2.50 91.19 5 30.12 -500.00
167.50 233.10 209.21 165.84 112.11 1.79 2.15 2.16 2.17 0.00 0.00 4.50 4.50 9 28.96 -500.00
175.00 235.29 211.86 168.92 116.96 2.14 2.68 2.71 2.72 2.72 0.00 5.00 5.01 10 27.90 1996.55
182.50 237.53 214.13 171.82 121.36 2.41 3.13 3.17 3.18 3.19 0.00 5.00 5.78 10 26.93 1728.65
190.00 239.23 216.92 174.22 125.47 2.61 3.56 3.60 3.62 3.64 3.64 5.50 6.06 11 26.03 1541.12
197.50 240.96 218.82 177.30 129.20 51.12 2.85 3.97 4.02 4.06 4.07 6.50 6.85 13 25.20 1164.06
205.00 242.72 221.24 179.53 132.63 63.25 3.07 4.40 4.45 4.49 4.52 7.00 7.20 14 24.43 1061.40
212.50 244.50 223.21 181.82 135.87 71.94 3.30 4.85 4.89 4.94 4.97 7.50 7.59 15 23.71 974.94
220.00 246.31 224.72 184.16 138.89 79.05 3.53 5.33 5.34 5.40 5.44 8.00 8.01 16 23.04 900.04
227.50 247.52 226.76 186.22 141.84 85.11 3.78 5.83 5.80 5.88 5.91 8.00 8.69 16 22.41 834.02
235.00 249.38 228.31 188.32 144.30 90.50 4.03 6.36 6.27 6.36 6.41 8.50 9.14 17 21.82 775.14
242.50 250.63 229.89 190.11 147.06 95.24 4.31 6.93 6.76 6.87 6.91 9.00 9.63 18 21.26 722.19
250.00 251.26 231.48 192.31 149.48 99.50 4.60 7.52 7.26 7.39 7.44 9.50 10.15 19 20.73 674.43
