25.00 0.00 0.00 0.00 0.00 0.00 0.00 0.00 0.00 0.00 0.00 0.00 -0.00 0 -500.00 -500.00
32.50 0.00 0.00 0.00 0.00 0.00 0.00 0.00 0.00 0.00 0.00 0.00 -0.00 0 -500.00 -500.00
40.00 0.00 0.00 0.00 0.00 0.00 0.00 0.00 0.00 0.00 0.00 0.50 7.47 1 133.90 -500.00
47.50 0.00 0.00 0.00 0.00 0.00 0.00 0.00 0.00 0.00 0.00 0.50 10.16 1 98.42 -500.00
55.00 0.00 0.00 0.00 0.00 0.00 0.00 0.00 0.00 0.00 0.00 0.50 12.21 1 81.92 -500.00
62.50 0.00 0.00 0.00 0.00 0.00 0.00 0.00 0.00 0.00 0.00 0.50 14.07 1 71.07 -500.00
70.00 0.00 0.00 0.00 0.00 0.00 0.00 0.00 0.00 0.00 0.00 0.50 15.83 1 63.18 -500.00
77.50 0.00 0.00 0.00 0.00 0.00 0.00 0.00 0.00 0.00 0.00 0.50 17.51 1 57.10 -500.00
85.00 22.75 0.00 0.00 0.00 0.00 0.00 0.00 0.00 0.00 0.00 1.00 20.79 2 52.24 -500.00
92.50 32.72 0.00 0.00 0.00 0.00 0.00 0.00 0.00 0.00 0.00 1.00 25.37 2 48.26 -500.00
100.00 40.10 0.00 0.00 0.00 0.00 0.00 0.00 0.00 0.00 0.00 1.00 28.63 2 44.91 -500.00
107.50 46.43 0.00 0.00 0.00 0.00 0.00 0.00 0.00 0.00 0.00 1.00 31.45 2 42.06 -500.00
115.00 52.08 0.00 0.00 0.00 0.00 0.00 0.00 0.00 0.00 0.00 1.00 34.01 2 39.60 -500.00
122.50 57.21 0.00 0.00 0.00 0.00 0.00 0.00 0.00 0.00 0.00 1.00 36.41 2 37.45 -500.00
130.00 61.96 2.47 2.22 2.23 2.23 0.00 0.00 0.00 0.00 0.00 3.00 3.33 6 35.55 -500.00
137.50 66.36 4.96 3.26 3.31 3.32 3.32 3.32 0.00 0.00 0.00 4.00 4.54 8 33.86 -500.00
145.00 70.47 10.25 4.22 4.24 4.25 4.25 4.25 4.25 4.25 0.00 5.00 5.57 10 32.34 1794.21
152.50 74.40 15.97 5.27 5.14 5.12 5.12 5.12 5.12 5.12 5.12 6.00 6.46 12 30.98 1467.56
160.00 78.00 20.79 6.40 6.05 5.98 5.96 5.96 5.96 5.96 5.96 7.00 7.29 14 29.73 1250.52
167.50 81.50 25.00 7.58 6.97 6.83 6.79 6.78 6.78 6.78 6.78 8.00 8.09 16 28.60 1092.42
175.00 84.89 28.81 8.83 7.90 7.68 7.61 7.59 7.58 7.58 7.58 8.50 8.97 17 27.57 970.94
182.50 87.95 32.36 10.14 8.85 8.54 8.43 8.39 8.38 8.37 8.37 9.50 9.75 19 26.61 874.20
190.00 90.99 35.69 11.53 9.80 9.41 9.25 9.19 9.16 9.15 9.15 10.50 10.51 21 25.73 795.13
197.50 93.90 38.83 13.00 10.77 10.28 10.07 9.98 9.94 9.93 9.92 11.00 11.34 22 24.91 729.19
205.00 96.71 41.86 14.55 11.74 11.17 10.89 10.77 10.72 10.69 10.68 12.00 12.09 24 24.16 673.31
212.50 99.40 44.74 16.17 12.72 12.05 11.72 11.57 11.49 11.45 11.44 12.50 12.90 25 23.45 625.35
220.00 101.94 47.55 17.86 13.71 12.95 12.56 12.36 12.27 12.22 12.19 13.50 13.63 27 22.79 583.72
227.50 104.49 50.20 19.60 14.70 13.85 13.40 13.16 13.04 12.98 12.94 14.00 14.42 28 22.17 547.27
235.00 106.84 52.83 21.39 15.70 14.75 14.25 13.97 13.82 13.73 13.69 15.00 15.15 30 21.59 515.08
242.50 109.17 55.34 23.22 16.72 15.65 15.10 14.78 14.60 14.49 14.44 15.50 15.93 31 21.04 486.46
250.00 111.36 57.80 25.06 17.75 16.56 15.95 15.59 15.38 15.26 15.19 16.50 16.64 33 20.52 460.85
