25.00 0.00 0.00 0.00 0.00 0.00 0.00 0.00 0.00 0.00 0.00 0.00 -0.00 0 -500.00 -500.00
32.50 0.00 0.00 0.00 0.00 0.00 0.00 0.00 0.00 0.00 0.00 0.00 -0.00 0 -500.00 -500.00
40.00 0.00 0.00 0.00 0.00 0.00 0.00 0.00 0.00 0.00 0.00 0.50 7.47 1 133.89 -500.00
47.50 113.12 0.00 0.00 0.00 0.00 0.00 0.00 0.00 0.00 0.00 1.00 18.65 2 98.42 -500.00
55.00 142.05 98.81 0.00 0.00 0.00 0.00 0.00 0.00 0.00 0.00 1.50 30.28 3 81.92 -500.00
62.50 159.49 123.00 0.00 0.00 0.00 0.00 0.00 0.00 0.00 0.00 1.50 35.10 3 71.07 -500.00
70.00 172.12 138.89 76.34 0.00 0.00 0.00 0.00 0.00 0.00 0.00 2.00 44.80 4 63.18 -500.00
77.50 181.82 150.60 96.06 0.00 0.00 0.00 0.00 0.00 0.00 0.00 2.00 50.22 4 57.10 -500.00
85.00 189.75 159.74 109.53 0.00 0.00 0.00 0.00 0.00 0.00 0.00 2.00 54.87 4 52.24 -500.00
92.50 196.46 167.50 119.76 0.00 0.00 0.00 0.00 0.00 0.00 0.00 2.00 59.11 4 48.26 -500.00
100.00 201.61 174.22 128.04 55.99 0.00 0.00 0.00 0.00 0.00 0.00 2.50 61.52 5 44.91 -500.00
107.50 206.61 179.86 135.14 72.78 0.00 0.00 0.00 0.00 0.00 0.00 2.50 67.93 5 42.06 -500.00
115.00 210.97 184.84 141.24 84.25 0.00 0.00 0.00 0.00 0.00 0.00 2.50 72.78 5 39.60 -500.00
122.50 215.05 189.04 146.63 93.20 0.00 0.00 0.00 0.00 0.00 0.00 2.50 76.99 5 37.45 -500.00
130.00 218.34 193.42 151.29 100.50 1.53 1.85 1.87 0.00 0.00 0.00 4.00 4.47 8 35.55 -500.00
137.50 221.73 196.85 155.52 106.95 1.98 2.60 2.63 2.65 0.00 0.00 4.50 5.27 9 33.86 -500.00
145.00 224.22 200.40 159.49 112.49 31.04 2.34 3.26 3.30 3.33 3.34 5.50 6.38 11 32.34 1425.95
152.50 227.27 203.67 162.87 117.51 51.23 2.66 3.95 3.97 4.02 4.04 6.50 6.68 13 30.98 1203.58
160.00 229.36 206.19 166.39 121.95 62.46 3.00 4.73 4.67 4.74 4.76 7.00 7.46 14 29.73 1039.94
167.50 231.48 209.21 169.49 125.94 71.07 3.35 5.61 5.38 5.49 5.52 8.00 8.04 16 28.60 910.35
175.00 234.19 211.42 172.41 129.70 78.19 3.74 6.59 6.13 6.27 6.31 8.50 8.92 17 27.57 804.54
182.50 235.85 214.13 174.83 133.33 84.32 4.18 7.59 6.92 7.09 7.13 9.50 9.66 19 26.61 716.83
190.00 237.53 216.45 177.62 136.43 89.69 4.74 8.27 7.80 7.94 7.99 10.00 10.61 20 25.73 644.71
197.50 239.23 218.34 180.18 139.47 94.52 27.96 5.06 9.94 8.66 8.81 11.50 11.73 23 24.91 506.48
205.00 241.55 220.26 182.48 142.25 99.01 41.32 5.61 11.08 9.57 9.71 12.50 12.66 25 24.16 452.69
212.50 242.72 222.72 184.16 145.14 103.09 50.66 6.49 11.85 10.53 10.63 13.50 13.62 27 23.45 407.36
220.00 244.50 224.22 186.57 147.49 106.84 58.28 8.21 11.77 11.48 11.58 14.50 14.64 29 22.79 363.89
227.50 245.70 226.24 188.32 150.15 110.25 64.77 13.76 10.30 12.65 12.56 15.50 15.77 31 22.17 315.92
235.00 247.52 227.79 190.11 152.44 113.64 70.47 23.34 10.62 13.75 13.56 16.50 16.92 33 21.59 274.53
242.50 248.76 229.36 191.94 154.80 116.55 75.64 32.13 12.99 14.38 14.54 17.50 18.07 35 21.04 240.53
250.00 249.38 230.95 194.17 156.74 119.47 80.32 39.76 17.07 15.25 15.56 19.00 19.13 38 20.52 210.51
