100.00 0.00 0.00 0.00 0.00 0.00 0.00 0.00 0.00 0.00 0.00 0.00 -0.00 0 -500.00
105.00 0.00 0.00 0.00 0.00 0.00 0.00 0.00 0.00 0.00 0.00 0.00 -0.00 0 -500.00
110.00 163.40 167.79 161.29 153.61 146.63 139.08 130.89 121.95 111.23 97.56 6.00 28.90 12 415.28
115.00 174.83 180.83 174.83 168.35 162.07 156.25 149.70 143.06 135.87 128.04 7.50 44.28 15 338.79
120.00 178.57 184.84 179.21 173.01 166.94 161.29 155.28 149.25 142.65 135.69 8.00 51.91 16 308.21
125.00 180.51 187.62 181.49 175.75 170.07 164.20 158.73 152.91 146.63 140.25 8.50 57.02 17 298.13
130.00 182.48 189.04 183.49 177.62 172.12 166.67 161.29 155.52 149.48 143.27 8.50 62.56 17 271.74
135.00 183.82 190.48 185.19 179.21 173.61 168.35 163.13 157.48 151.98 145.77 17.50 19.73 35 1773.76
140.00 184.84 191.57 186.22 180.51 175.13 170.07 164.74 159.24 153.61 147.93 18.50 23.13 37 1599.66
145.00 185.87 192.68 187.27 181.82 176.37 170.94 166.11 160.77 155.52 149.70 19.00 25.56 38 1486.75
150.00 186.57 193.42 188.32 182.82 177.30 172.41 167.50 162.07 156.74 151.29 24.00 24.26 48 1978.40
155.00 187.27 194.17 189.39 183.49 178.25 173.61 168.35 163.40 158.23 152.67 25.00 26.18 50 1909.53
160.00 187.62 195.31 190.11 184.50 179.21 174.52 169.49 164.47 159.24 154.08 25.00 27.53 50 1815.89
165.00 188.32 196.08 190.48 185.53 180.18 175.13 170.65 165.56 160.51 155.28 25.00 28.48 50 1755.53
170.00 189.39 196.46 191.57 185.87 180.83 176.37 171.23 166.67 161.55 156.49 25.50 30.08 51 1695.25
175.00 189.39 197.24 192.31 186.57 181.82 176.99 172.41 167.50 162.60 157.73 25.50 31.03 51 1643.75
180.00 190.11 197.63 193.05 187.27 182.48 177.94 173.01 168.63 163.67 158.48 28.50 28.55 57 1996.29
185.00 190.84 198.41 193.42 187.97 183.15 178.57 174.22 169.20 164.47 159.74 30.50 30.52 61 1998.97
190.00 191.20 198.81 194.17 188.68 184.16 179.21 174.83 170.07 165.56 160.77 30.00 31.17 60 1925.18
195.00 191.94 199.20 194.93 189.39 184.50 179.86 175.75 170.94 166.39 161.81 30.00 32.06 60 1871.68
200.00 192.31 200.00 195.31 190.11 185.19 180.83 176.06 171.82 167.50 162.60 30.50 33.06 61 1845.23
205.00 192.68 200.80 195.69 190.48 185.87 181.49 176.99 172.71 168.07 163.67 30.00 33.75 60 1777.91
210.00 193.42 201.21 196.08 191.20 186.57 182.15 177.62 173.61 168.92 164.47 30.50 34.90 61 1748.06
215.00 193.80 201.61 196.85 191.94 186.92 182.82 178.57 174.22 169.78 165.29 32.50 32.48 65 2001.17
220.00 194.55 202.02 197.24 192.31 187.97 183.15 179.21 174.83 170.65 166.11 34.00 34.08 68 1995.22
225.00 194.55 202.84 197.63 193.05 188.32 184.16 179.86 175.44 171.53 166.94 34.00 34.51 68 1970.62
230.00 194.93 203.25 198.41 193.42 189.04 184.84 180.51 176.06 172.12 168.07 34.50 35.79 69 1928.10
235.00 195.31 203.67 199.20 193.80 189.75 185.19 181.16 176.99 172.71 168.63 35.00 36.40 70 1922.95
240.00 196.08 204.08 199.20 194.55 190.11 185.87 181.82 177.94 173.61 169.20 34.50 36.94 69 1867.95
245.00 196.46 204.50 200.00 195.31 190.48 186.57 182.48 178.57 174.22 170.07 34.50 37.41 69 1844.20
250.00 196.85 204.92 200.40 195.69 191.20 187.27 183.15 178.89 175.13 170.94 36.50 36.81 73 1983.05
