100.00 0.00 0.00 0.00 0.00 0.00 0.00 0.00 0.00 0.00 0.00 0.00 -0.00 0 -500.00
105.00 0.00 0.00 0.00 0.00 0.00 0.00 0.00 0.00 0.00 0.00 0.00 -0.00 0 -500.00
110.00 96.62 82.58 21.93 0.00 0.00 0.00 0.00 0.00 0.00 0.00 2.00 10.07 4 397.41
115.00 116.69 111.11 94.43 67.29 0.00 0.00 0.00 0.00 0.00 0.00 2.50 18.24 5 274.15
120.00 122.85 118.91 104.82 85.32 34.25 0.00 0.00 0.00 0.00 0.00 3.00 22.80 6 263.21
125.00 126.42 123.76 110.74 94.07 68.31 0.00 0.00 0.00 0.00 0.00 3.00 26.77 6 224.13
130.00 129.20 127.23 114.94 99.90 79.18 0.00 0.00 0.00 0.00 0.00 3.00 29.36 6 204.38
135.00 131.41 129.87 118.34 104.28 86.28 49.80 1.51 60.13 1.60 17.18 5.50 7.00 11 1571.74
140.00 133.33 132.10 121.07 107.87 91.58 65.66 1.76 71.94 38.97 1.87 7.00 7.34 14 1908.33
145.00 134.95 134.05 123.46 110.86 95.88 74.35 1.95 76.86 51.98 2.10 7.00 8.20 14 1707.95
150.00 136.43 135.87 125.47 113.51 99.50 80.71 2.09 78.25 55.59 2.30 7.50 7.60 15 1973.75
155.00 137.74 137.36 127.55 115.87 102.67 85.69 54.95 2.26 82.10 63.01 8.50 9.06 17 1877.37
160.00 139.08 138.89 129.20 117.92 105.49 90.01 65.75 2.40 83.26 65.57 8.50 9.69 17 1754.91
165.00 140.25 140.25 130.89 119.90 108.11 93.55 73.05 2.54 83.54 66.40 9.50 9.49 19 2003.05
170.00 141.24 141.64 132.28 121.95 110.38 96.90 78.62 2.60 80.58 62.31 9.50 10.02 19 1896.35
175.00 142.25 142.86 133.69 123.61 112.61 99.80 83.33 54.38 2.80 84.18 10.50 11.30 21 1857.89
180.00 143.27 144.09 135.14 125.16 114.68 102.46 87.34 64.23 2.93 84.25 11.00 12.15 22 1810.61
185.00 144.30 145.14 136.43 126.90 116.55 104.93 90.91 71.12 3.05 83.61 12.00 12.01 24 1998.75
190.00 145.14 146.41 137.74 128.21 118.48 107.30 94.07 76.57 37.11 3.20 12.50 12.92 25 1934.44
195.00 146.20 147.28 139.08 129.70 120.05 109.53 96.99 81.17 54.79 3.32 13.00 13.15 26 1976.79
200.00 147.06 148.37 140.25 131.06 121.80 111.48 99.80 85.11 63.65 3.44 13.50 13.77 27 1961.22
205.00 147.93 149.25 141.44 132.45 123.30 113.51 102.25 88.65 70.13 3.54 14.00 14.17 28 1976.57
210.00 148.59 150.38 142.45 133.69 125.00 115.34 104.60 91.83 75.36 45.45 15.00 15.14 30 1981.19
215.00 149.48 151.29 143.47 135.14 126.26 117.10 106.84 94.79 79.87 57.05 15.50 15.82 31 1960.05
220.00 150.38 152.21 144.51 136.24 127.71 118.91 108.81 97.56 83.75 64.60 16.00 16.49 32 1940.43
225.00 151.29 153.14 145.56 137.36 129.20 120.34 110.99 100.10 87.26 70.47 17.00 17.50 34 1942.41
230.00 151.98 154.08 146.63 138.50 130.55 121.95 112.74 102.56 90.42 75.36 18.00 18.13 36 1985.85
235.00 152.67 155.04 147.49 139.66 131.75 123.61 114.55 104.71 93.37 79.62 18.50 18.92 37 1955.26
240.00 153.61 155.76 148.59 140.65 132.98 125.00 116.41 106.84 96.15 83.33 19.50 20.03 39 1947.34
245.00 154.08 156.74 149.48 141.84 134.23 126.42 118.06 108.81 98.72 86.73 20.50 20.88 41 1963.20
250.00 155.04 157.48 150.38 142.86 135.50 127.71 119.62 110.86 101.01 89.93 21.50 21.60 43 1991.09
