100.00 0.00 0.00 0.00 0.00 0.00 0.00 0.00 0.00 0.00 0.00 0.00 -0.00 0 -500.00
105.00 0.00 0.00 0.00 0.00 0.00 0.00 0.00 0.00 0.00 0.00 0.00 -0.00 0 -500.00
110.00 0.00 0.00 0.00 0.00 0.00 0.00 0.00 0.00 0.00 0.00 0.50 3.02 1 330.77
115.00 0.00 0.00 0.00 0.00 0.00 0.00 0.00 0.00 0.00 0.00 0.50 4.32 1 231.31
120.00 0.00 0.00 0.00 0.00 0.00 0.00 0.00 0.00 0.00 0.00 0.50 5.09 1 196.29
125.00 17.07 0.00 0.00 0.00 0.00 0.00 0.00 0.00 0.00 0.00 1.00 8.60 2 232.50
130.00 28.66 0.00 0.00 0.00 0.00 0.00 0.00 0.00 0.00 0.00 1.00 10.40 2 192.38
135.00 36.18 1.73 1.80 1.81 0.00 0.00 0.00 0.00 0.00 0.00 2.50 2.69 5 1857.72
140.00 42.09 2.18 2.26 2.29 2.30 0.00 0.00 0.00 0.00 0.00 3.00 3.11 6 1931.55
145.00 47.04 2.62 2.65 2.71 2.73 0.00 0.00 0.00 0.00 0.00 3.00 3.66 6 1641.54
150.00 51.36 14.44 2.71 3.10 3.13 3.15 3.16 0.00 0.00 0.00 4.00 4.32 8 1851.74
155.00 55.19 24.06 3.04 3.52 3.55 3.58 3.60 3.61 0.00 0.00 4.50 4.74 9 1899.40
160.00 58.62 30.88 3.47 3.95 3.99 4.03 4.05 4.06 4.07 0.00 5.00 5.17 10 1933.69
165.00 61.80 36.52 4.08 4.34 4.45 4.50 4.53 4.54 4.55 4.55 5.50 5.65 11 1947.58
170.00 64.72 41.43 5.78 4.43 4.98 4.97 5.01 5.03 5.04 5.05 6.00 6.22 12 1928.87
175.00 67.48 45.81 13.55 4.33 5.61 5.41 5.50 5.53 5.55 5.56 6.50 6.92 13 1878.07
180.00 69.98 49.83 21.11 4.75 6.15 5.90 6.02 6.05 6.07 6.09 7.00 7.51 14 1864.13
185.00 72.41 53.50 27.23 5.52 6.54 6.43 6.55 6.58 6.61 6.63 8.00 7.99 16 2001.90
190.00 74.68 56.95 32.50 7.13 6.57 7.06 7.08 7.13 7.16 7.18 8.50 8.63 17 1969.36
195.00 76.86 60.13 37.20 11.04 6.39 7.82 7.59 7.69 7.72 7.75 9.00 9.33 18 1929.67
200.00 78.93 63.09 41.49 16.66 6.73 8.46 8.13 8.25 8.29 8.32 9.50 10.02 19 1896.02
205.00 80.91 65.96 45.41 22.15 7.72 8.82 8.72 8.83 8.88 8.91 10.50 10.61 21 1978.84
210.00 82.85 68.63 49.07 27.17 9.64 8.93 9.37 9.42 9.47 9.50 11.00 11.32 22 1943.48
215.00 84.67 71.17 52.52 31.76 12.80 9.09 10.04 10.01 10.07 10.11 11.50 12.05 23 1908.95
220.00 86.43 73.64 55.74 35.98 16.87 9.74 10.62 10.62 10.69 10.73 12.50 12.69 25 1969.36
225.00 88.11 75.99 58.79 39.94 21.20 11.08 11.08 11.24 11.32 11.36 13.00 13.44 26 1934.73
230.00 89.77 78.19 61.69 43.65 25.46 13.18 11.56 11.88 11.95 12.00 14.00 14.11 28 1984.87
235.00 91.32 80.39 64.43 47.13 29.55 15.98 12.28 12.52 12.60 12.65 14.50 14.87 29 1950.16
240.00 92.94 82.44 67.02 50.43 33.44 19.25 13.43 13.17 13.27 13.32 15.50 15.56 31 1992.32
245.00 94.43 84.39 69.59 53.53 37.16 22.74 15.09 13.90 13.95 14.00 16.00 16.34 32 1958.44
250.00 95.88 86.36 71.99 56.53 40.68 26.29 17.23 14.80 14.66 14.69 17.00 17.05 34 1994.52
